   850   660   866   705   855    31    48   304   358   483
   282   687     9    83   916   547   272   521   804   673
   908   183   227   500   423   158   626   478   733   328
   748   213   474     5   989   310   783   548   644   898
    79   760   493   903   381   864   664   217   938   340
   976    55   517   940    48   958   515   713   302    92
   159    29   593   725   476   137   648    11   372   993
   626   529   103   743   149   298   679   485   842   399
   247   645   991   675   295   609   236   401   594    34
   297   297   178   613   607   684   269   930   421   128
